6 15
0.0 0.0 0.0 1 1 1 0.0 0.0 0.0
0.0 9.144 0.0 1 1 1 0.0 0.0 0.0
9.144 0.0 0.0 0 0 1 0.0 -444800.0 0.0
18.288 0.0 0.0 0 0 1 0.0 -444800.0 0.0
11.508349247030639 6.647231553024166 0.0 0 0 0 0.0 0.0 0.0
6.115216616145973 3.8505797236185915 0.0 0 0 0 0.0 0.0 0.0
0 1 -1.0
0 2 0.012585625509454813
1 2 -1.0
0 3 -1.0
1 3 -1.0
2 3 0.009787126294281077
0 4 -1.0
1 4 0.018903528905585092
2 4 -1.0
3 4 0.014001666254957155
0 5 0.012519810309036157
1 5 0.0031779251219522984
2 5 0.0033202635286637026
3 5 -1.0
4 5 0.011676221696840537
