6 15
0.0 0.0 0.0 1 1 1 0.0 0.0 0.0
0.0 9.144 0.0 1 1 1 0.0 0.0 0.0
9.144 0.0 0.0 0 0 1 0.0 -444800.0 0.0
18.288 0.0 0.0 0 0 1 0.0 -444800.0 0.0
10.343054305318539 1.9938300547072694 0.0 0 0 0 0.0 0.0 0.0
14.590082458163852 6.352764659630688 0.0 0 0 0 0.0 0.0 0.0
0 1 -1.0
0 2 6.452e-05
1 2 -1.0
0 3 -1.0
1 3 -1.0
2 3 0.0045973877066588405
0 4 0.01863045061144193
1 4 0.011304246798630265
2 4 0.005217636053094288
3 4 -1.0
0 5 -1.0
1 5 0.010720341476855088
2 5 -1.0
3 5 0.009013749495240824
4 5 0.008238146432595614
