7 21
0.0 0.0 0.0 1 1 1 0.0 0.0 0.0
0.0 9.144 0.0 1 1 1 0.0 0.0 0.0
9.144 0.0 0.0 0 0 1 0.0 -667200.0 0.0
18.288 0.0 0.0 0 0 1 0.0 -667200.0 0.0
9.144 9.144 0.0 0 0 1 0.0 222400.0 0.0
18.288 9.144 0.0 0 0 1 0.0 222400.0 0.0
17.3801201873708 5.061646760808518 0.0 0 0 0 0.0 0.0 0.0
0 1 -1.0
0 2 0.016490816591003016
1 2 0.008868929061986162
0 3 -1.0
1 3 -1.0
2 3 0.0013963214692750722
0 4 -1.0
1 4 0.005360971378205962
2 4 -1.0
3 4 -1.0
0 5 -1.0
1 5 -1.0
2 5 -1.0
3 5 0.001293977473623053
4 5 6.452e-05
0 6 -1.0
1 6 0.00010595857796950284
2 6 0.005837132341703008
3 6 0.006306226374022984
4 6 0.005703553926391642
5 6 -1.0
