6 15
0.0 0.0 0.0 1 1 1 0.0 0.0 0.0
0.0 2.54 0.0 1 1 1 0.0 0.0 0.0
10.16 0.0 0.0 0 0 1 0.0 -444800.0 0.0
3.962800798709599 0.0 0.0 0 0 0 0.0 0.0 0.0
6.46239046120651 2.5284983741939095 0.0 0 0 0 0.0 0.0 0.0
6.3949823525231135 0.0 0.0 0 0 0 0.0 0.0 0.0
0 1 -1.0
0 2 -1.0
1 2 -1.0
0 3 0.01318416382489102
1 3 0.003864247407546266
2 3 -1.0
0 4 -1.0
1 4 0.004760234207968484
2 4 0.0041392587901266506
3 4 0.007142064291970634
0 5 -1.0
1 5 -1.0
2 5 0.007606212042316603
3 5 0.0048667964139902835
4 5 6.452e-05
