9 36
4.634 0.7723 -0.078 0 0 0 0.0 0.0 -50.0
0.0 0.0 0.0 1 1 1 0.0 0.0 0.0
0.0 0.483 0.595 1 1 1 0.0 0.0 0.0
0.0 -0.483 0.595 1 1 1 0.0 0.0 0.0
2.291783816241649 0.3846215183955751 -0.11693948805332172 0 0 0 0.0 0.0 0.0
1.5706847421024879 0.26816673365235366 0.21815685521015965 0 0 0 0.0 0.0 0.0
0.602225900542744 0.1425303108394146 0.5660743946731087 0 0 0 0.0 0.0 0.0
1.736641642123629 0.3550853781402111 0.23518625464463178 0 0 0 0.0 0.0 0.0
1.7071831331571508 0.23071822809064402 0.22033088409900714 0 0 0 0.0 0.0 0.0
0 1 -1 -1 -1
0 2 -1 -1 -1
1 2 -1 -1 -1
0 3 -1 -1 -1
1 3 -1 -1 -1
2 3 -1 -1 -1
0 4 0.00018142697574481063 0.04 0.0015
1 4 0.00018142697574481063 0.04 0.0015
2 4 -1 -1 -1
3 4 -1 -1 -1
0 5 -1 -1 -1
1 5 -1 -1 -1
2 5 -1 -1 -1
3 5 0.00011074114103904018 0.025 0.0015
4 5 0.00011074114103904018 0.025 0.0015
0 6 -1 -1 -1
1 6 0.00011074114103904018 0.025 0.0015
2 6 0.00011074114103904018 0.025 0.0015
3 6 0.00011074114103904018 0.025 0.0015
4 6 -1 -1 -1
5 6 -1 -1 -1
0 7 0.00018142697574481063 0.04 0.0015
1 7 0.00011074114103904018 0.025 0.0015
2 7 -1 -1 -1
3 7 -1 -1 -1
4 7 0.00011074114103904018 0.025 0.0015
5 7 0.00011074114103904018 0.025 0.0015
6 7 0.00011074114103904018 0.025 0.0015
0 8 0.00018142697574481063 0.04 0.0015
1 8 0.00011074114103904018 0.025 0.0015
2 8 -1 -1 -1
3 8 0.00013430308594096366 0.03 0.0015
4 8 0.00011074114103904018 0.025 0.0015
5 8 0.00011074114103904018 0.025 0.0015
6 8 0.00011074114103904018 0.025 0.0015
7 8 0.00011074114103904018 0.025 0.0015
