8 28
0.0 0.0 0.0 1 1 1 0.0 0.0 0.0
0.0 -0.483 0.595 1 1 1 0.0 0.0 0.0
0.0 0.483 0.595 1 1 1 0.0 0.0 0.0
4.634 0.7723 -0.078 0 0 0 0.0 0.0 -50.0
1.6719633153428715 0.30794478863693386 -0.029922997117042383 0 0 0 0.0 0.0 0.0
1.7730173463467762 0.37392762181901007 0.3401014809544413 0 0 0 0.0 0.0 0.0
0.43027324768824937 -0.08484807991290022 0.42688889179965406 0 0 0 0.0 0.0 0.0
1.7194066664321794 0.2931971142162527 0.3806287626406252 0 0 0 0.0 0.0 0.0
0 1 -1 -1 -1
0 2 -1 -1 -1
1 2 -1 -1 -1
0 3 -1 -1 -1
1 3 -1 -1 -1
2 3 -1 -1 -1
0 4 0.00013430308594096366 0.03 0.0015
1 4 -1 -1 -1
2 4 0.00011074114103904018 0.025 0.0015
3 4 0.0003078760800517993 0.051 0.002
0 5 -1 -1 -1
1 5 -1 -1 -1
2 5 0.00011074114103904018 0.025 0.0015
3 5 0.00018142697574481063 0.04 0.0015
4 5 0.00011074114103904018 0.025 0.0015
0 6 0.00011074114103904018 0.025 0.0015
1 6 0.00011074114103904018 0.025 0.0015
2 6 0.00011074114103904018 0.025 0.0015
3 6 -1 -1 -1
4 6 0.00011074114103904018 0.025 0.0015
5 6 -1 -1 -1
0 7 0.00013430308594096366 0.03 0.0015
1 7 -1 -1 -1
2 7 0.00011074114103904018 0.025 0.0015
3 7 0.00018142697574481063 0.04 0.0015
4 7 -1 -1 -1
5 7 0.00011074114103904018 0.025 0.0015
6 7 0.00011074114103904018 0.025 0.0015
