7 21
0.0 0.0 0.0 1 1 1 0.0 0.0 0.0
0.0 -0.483 0.595 1 1 1 0.0 0.0 0.0
0.0 0.483 0.595 1 1 1 0.0 0.0 0.0
4.634 0.7723 -0.078 0 0 0 0.0 0.0 -50.0
1.6641302131380356 0.2431999132633209 -0.11425513836741447 0 0 0 0.0 0.0 0.0
1.6860708327560887 0.304407807379961 0.1772578750550745 0 0 0 0.0 0.0 0.0
1.6403467971639107 0.2231960842609404 0.2666671047310556 0 0 0 0.0 0.0 0.0
0 1 -1 -1 -1
0 2 -1 -1 -1
1 2 -1 -1 -1
0 3 -1 -1 -1
1 3 -1 -1 -1
2 3 -1 -1 -1
0 4 0.00013430308594096366 0.03 0.0015
1 4 -1 -1 -1
2 4 0.00011074114103904018 0.025 0.0015
3 4 0.0003078760800517993 0.051 0.002
0 5 0.00013430308594096366 0.03 0.0015
1 5 -1 -1 -1
2 5 0.00011074114103904018 0.025 0.0015
3 5 0.00018142697574481063 0.04 0.0015
4 5 0.00011074114103904018 0.025 0.0015
0 6 0.00013430308594096366 0.03 0.0015
1 6 0.00011074114103904018 0.025 0.0015
2 6 0.00011074114103904018 0.025 0.0015
3 6 0.0003078760800517993 0.051 0.002
4 6 0.00011074114103904018 0.025 0.0015
5 6 0.00011074114103904018 0.025 0.0015
